.Random.seed <-
c(403L, 10L, 1866214973L, -666611529L, -163524770L, -10399080L, 
1504223739L, 1396931481L, -1811815384L, -1933871914L, -804978351L, 
-173498365L, 253372306L, 1571333412L, 1645095911L, -458305475L, 
-1712718156L, -432581350L, -290875803L, -1287750913L, -1367425146L, 
-1651093232L, -1216183885L, 1118599761L, -319026688L, 1183925982L, 
743345449L, 860057819L, 275777514L, 293103500L, -387884849L, 
428120197L, -1448760516L, 1777922578L, -1074206451L, 1775637063L, 
-1068996562L, 949140872L, -289938293L, 1356078697L, -324836808L, 
509399782L, 1456664193L, 885576211L, -65219134L, 468213364L, 
192262263L, 1151627629L, -349338108L, 1896518954L, 2003989141L, 
-1906321105L, 492035126L, -863471520L, 872992419L, 438929857L, 
-124889680L, 1146182862L, 860936761L, -33809333L, 945110522L, 
1431320828L, 1089486143L, 163058197L, 457210156L, 472152578L, 
-1574733603L, -1872618537L, -1468873026L, -1912987400L, -2129985829L, 
332358969L, 547311752L, 794052662L, 1121971313L, -426142045L, 
-178480142L, 2087386948L, -1301483513L, 490221021L, -534963500L, 
-788879878L, 439765317L, -1655157345L, 1065643814L, -498090064L, 
561503315L, 1344837489L, 1643589280L, -1796820418L, -1636066999L, 
1760233467L, -2054894646L, 1572234540L, -1717905105L, -1476294683L, 
841209500L, -1500413198L, -1419500691L, -1892369241L, 3708622L, 
1923230760L, -448966613L, 1773650505L, 740862808L, -1799739898L, 
-1196298271L, 1186602355L, -1818446366L, 2048129364L, 1173022807L, 
1275794509L, -1465178140L, 1680586186L, -1314743243L, -620168561L, 
-1585843306L, -863076544L, -844049917L, -1193859039L, -658930928L, 
-597745426L, -1913536359L, -1904057045L, 776494106L, -66244900L, 
109070047L, -136367947L, -28264884L, 125278882L, -2072706563L, 
-1528296713L, 2045434910L, -275671336L, 1273481787L, 1695213529L, 
-1597723288L, 516234390L, 1211767313L, -732146749L, 874672082L, 
134900324L, 406563239L, 557270781L, 24003316L, 872383962L, -1192650459L, 
1609285695L, 1067745222L, 1659216976L, 2112604275L, -319239023L, 
-1856574272L, 1348853406L, -1621986711L, 1844146843L, -515555414L, 
-1645589556L, -1205320049L, 1591662277L, 1437064828L, 2099163858L, 
-869419443L, -746120441L, 1772642030L, 1860279240L, -695882549L, 
1491932457L, -855968392L, -868144474L, 1965280449L, -1559745197L, 
-1191613950L, 468415284L, 1463214263L, -1373566803L, -164203068L, 
1446823402L, -1930421675L, 1652663279L, 1737212918L, 1409283360L, 
-867624221L, -1740375167L, 467262960L, 1475085454L, 1589496825L, 
-1573181045L, -343370310L, -1925694276L, 2058637311L, -709022379L, 
-2003317140L, 1426754242L, 704580893L, 1732051863L, 1970214654L, 
-1668102984L, 2127296155L, 1592988921L, -1792563640L, 114901366L, 
17508529L, 161246435L, -1157129294L, -1863187452L, 1684834119L, 
2106301981L, 1694315668L, -1045097414L, -762581371L, 380374879L, 
-733196314L, 1668784752L, -198883949L, -2084236751L, -281046816L, 
1350863230L, -1239684087L, -587547589L, -957054454L, 2108738028L, 
1451658863L, 600695205L, 1269725532L, -575576782L, 310647853L, 
-1008946457L, -611682290L, -1100019372L, -1215885038L, 1142787488L, 
-1138668852L, -1287410080L, 1310220226L, 1244065576L, -1525137492L, 
656347964L, -867600014L, -45855952L, 664196388L, -995546312L, 
-15816998L, 1015988112L, -522363140L, 1078793108L, -818542526L, 
69367040L, -1029680068L, 792416592L, 1065736354L, 258238792L, 
316598028L, -980942116L, 1053510994L, -138769280L, 188735572L, 
82597864L, 1507213562L, 2138688336L, 1699696428L, 1712122228L, 
1714322322L, 140593248L, 73078156L, 616098656L, 835344866L, 1674021800L, 
1354816716L, -503109636L, 255784370L, 1322618352L, 400640964L, 
-43168424L, 357585274L, 1410395056L, 63361468L, -1075951532L, 
-1950646334L, -1076111328L, -1467942724L, -1489624496L, 1447762914L, 
1610295400L, 1065307212L, -513558276L, -414118926L, -539694848L, 
655401332L, -956935160L, 811982778L, -436842032L, 89742316L, 
519080340L, -467881518L, 1399787872L, -979751092L, 1030682912L, 
659515266L, -1258860824L, 559898860L, -1559522244L, -518579342L, 
1954023024L, 996240420L, 625255224L, 1123110042L, 1986996944L, 
-830115652L, -1136218476L, -1685078398L, -1007683392L, -1026397380L, 
-1899676528L, 155749922L, -1267736568L, -1333893876L, 1878062236L, 
1748438546L, 974241664L, 777119252L, 1440186920L, -1445864134L, 
-2004979248L, -763863956L, 1818220852L, -615072110L, -671263904L, 
1280140108L, 1614497760L, 888903586L, -1723291736L, -1993949812L, 
610390204L, 999100786L, 1445309680L, 1403129924L, -910218920L, 
6762042L, 498748272L, 1494943804L, 1594472212L, -1545163326L, 
820417248L, -462651524L, 595680976L, -466022238L, 2106971176L, 
-1385900788L, 983248828L, -853315278L, -581193280L, -2069534156L, 
-1330773048L, -978734918L, 1244416400L, 1516136940L, 1916631636L, 
-2008647534L, -1257777376L, -2131562036L, -150538784L, 574990018L, 
405576744L, 372865708L, -122002244L, -1758989838L, -565935824L, 
1617067172L, -93131080L, 1679813978L, -2054611568L, 1811250044L, 
1870885140L, 1138234178L, -334071040L, 606382012L, -582195376L, 
-652205278L, 449402184L, 1202106892L, 650745948L, 23282898L, 
1918083584L, -771451564L, 588055016L, 314764282L, -1839771440L, 
1534586156L, 1763361524L, -1813454446L, -212151200L, 1883884812L, 
1618244320L, 481939810L, 533838504L, -1114135988L, -92079748L, 
-438272718L, 93294704L, 913403716L, -1166793256L, -1284785030L, 
1541832240L, 403067580L, 1611147092L, 1412809794L, -1578844768L, 
1775839932L, 2136363472L, -256916126L, -2121035800L, 1933000652L, 
-1486375172L, -1457104398L, 658641024L, -1306563340L, -2106978680L, 
-525287622L, 1864604496L, 803122796L, -157579116L, 1066375506L, 
-540977440L, -617030964L, -1023868768L, 316394370L, 1671439080L, 
1225671404L, -973788100L, 1939176050L, 1743930480L, -918421980L, 
-1885938632L, 865454106L, -1824146736L, -1788961732L, 889808020L, 
1120935042L, 1166008256L, 461910332L, 524434064L, -483314654L, 
1504924680L, 732686476L, 1104143388L, -1474920814L, 1977566336L, 
2081247252L, -804004568L, 442211898L, -751268656L, -2027477908L, 
-426855756L, -2023825390L, 1325733856L, -1522813072L, 2602777L, 
948576011L, 794287100L, -1008043990L, -113462177L, 525278185L, 
1075266814L, 608091372L, 855019581L, -877935609L, -909369360L, 
-1277101170L, 1886210491L, 2065196957L, 1829061962L, 1870269800L, 
747381585L, 1788792899L, 1025464644L, 2085663218L, -824151097L, 
182863249L, -1182025450L, -862602892L, -1388498939L, -71727025L, 
-1739649976L, 1597497830L, -303853805L, 1737681013L, -1266746798L, 
647552160L, -1944578679L, 1359844795L, -601923060L, 323218330L, 
-1127967985L, 1951490393L, -1317981202L, -733209988L, -1759118611L, 
333442455L, -428698016L, -1410581442L, -2053694197L, 2080399245L, 
-133559110L, -1050162440L, 2054131873L, -154508205L, 397473652L, 
-620063486L, -2038669929L, 26380129L, -1040555098L, -573567580L, 
254547029L, -615790337L, -734052968L, -332998986L, -885573821L, 
-720414075L, -200831198L, 178523152L, 1794023353L, 1595658347L, 
1959115612L, 572029578L, -1006188929L, -236144695L, -998638498L, 
-1767688436L, 1402713821L, 1606602727L, -1475427312L, 1291503918L, 
-1727140389L, 630883005L, 1245685802L, -2093739832L, 577639921L, 
-1890544797L, 1119462244L, -729228654L, -1152288921L, -750737103L, 
2042122870L, 370897812L, -280938587L, 1537697967L, -1461721752L, 
1551312198L, 1968030963L, -439977387L, 185275954L, 98464768L, 
1032411369L, -226070693L, -1799558740L, 385030586L, -2073360529L, 
-238176007L, 1152138638L, 502804572L, -1291726131L, 577332791L, 
-1740907328L, -1215065186L, -746848149L, 854327277L, -14343590L, 
1615291672L, 2117784193L, 1282875443L, 1693918804L, 197800546L, 
950842615L, 818622273L, 2001784262L, 1856642820L, 1337891509L, 
-1697802849L, 1256139256L, -1596577834L, 1921610339L, 1008232997L, 
-233631294L, 2067453616L, 1520422617L, -1354000309L, 661997244L, 
-728079126L, -209014497L, 1249034665L, -1830770882L, -2009820628L, 
364871805L, -263658809L, -576955472L, -1937076786L, -1199702277L, 
